      Amp1      ,Amp2      ,P1             ,Phi1      ,Phi2      ,Trend               ,Quad                ,Offset    ,Scale     ,OffDrop   ,AmpInc    ,OffNSop   
fuv1=[ 0.18332  , 0.12110  ,  3.2905e+07   , 0.55683  , 1.30970  ,  2.771100561e-08   ,  5.694312354e-16   , -0.53404 ,   0.35715,   0.48038,   9.27113,  -0.27034]
fuv2=[ 0.28192  , 0.21104  ,  3.1619e+07   , 0.38934  , 0.89549  ,  2.785282860e-08   ,  4.272435468e-16   , -0.54196 ,   0.35712,   0.32653,   4.39176,  -0.01850]
fuv3=[ 1.63256  , 1.63349  ,  3.1600e+07   , 0.32930  , 0.88303  ,  3.091461670e-08   ,  1.124515063e-15   , -0.81355 ,   0.35688,   0.53896,   0.60802,  -1.87044]
fuv4=[ 0.27732  , 0.22570  ,  3.1852e+07   , 0.44440  , 0.97966  ,  1.949040600e-08   ,  9.243037166e-16   , -0.62501 ,   0.35686,   0.50294,   5.86031,  -1.16669]
nuv1=[ 0.59143  , 0.57055  ,  3.1607e+07   , 0.31535  , -0.10471 ,  4.799290036e-09   ,  1.926364681e-16   , -0.20611 ,   0.35688,   0.80588,   0.43661,   0.05054]
nuv2=[ 0.73358  , 0.70349  ,  3.1695e+07   , 0.32146  , 0.90610  ,  3.783063274e-09   ,  2.558848154e-16   , -0.22512 ,   0.35688,   0.77610,   0.31830,  -0.06739]
nuv3=[ 0.26598  , 0.25495  ,  3.1614e+07   , 0.33416  , 0.89756  ,  9.347734680e-09   ,  3.546832466e-16   , -0.09759 ,   0.35712,   0.36979,   0.71140,  -0.24293]
nuv4=[ 0.45109  , 0.46804  ,  3.1653e+07   , 0.33239  , 0.90796  ,  8.445776770e-09   ,  3.240598042e-16   , -0.25029 ,   0.35712,   0.43222,   0.29439,  -0.24600]
