      Amp1      ,Amp2      ,P1             ,Phi1      ,Phi2      ,Trend               ,Quad                ,Offset   , Scalequad 
fuv1=[ 0.19922  , 0.07698  ,  3.2020e+07   , 0.46748  , 0.13289  ,  2.828782947e-08   , 5.683836798e-16   , -0.59034 ,   0.357]
fuv2=[ 0.28201  , 0.21098  ,  3.1610e+07   , 0.38922  , 0.89576  ,  2.786122108e-08   , 4.265646236e-16   , -0.54181 ,   0.357]
fuv3=[ 1.63208  , 1.63397  ,  3.1609e+07   , 0.32927  , 0.88294  ,  3.092388058e-08   , 1.124857033e-15   , -0.81379 ,   0.357]
fuv4=[ 0.32909  , 0.18118  ,  3.1669e+07   , 0.41185  , 0.95284  ,  2.139613246e-08   , 9.060289897e-16   , -0.73099 ,   0.357]
nuv1=[ 0.59161  , 0.57037  ,  3.1602e+07   , 0.31526  , -0.10472 ,  4.800729711e-09   , 1.926945561e-16   , -0.20605 ,   0.357]
nuv2=[ 0.73379  , 0.70328  ,  3.1698e+07   , 0.32155  , 0.90637  ,  3.784201739e-09   , 2.559618399e-16   , -0.22506 ,   0.357]
nuv3=[ 0.26589  , 0.25504  ,  3.1612e+07   , 0.33407  , 0.89746  ,  9.345864913e-09   , 3.545814274e-16   , -0.09758 ,   0.357]
nuv4=[ 0.45101  , 0.46819  ,  3.1648e+07   , 0.33230  , 0.90779  ,  8.445645868e-09   , 3.239736069e-16   , -0.25022 ,   0.357]
