      Amp1      ,Amp2      ,P1             ,Phi1      ,Phi2      ,Trend               ,Quad                ,Offset    
fuv1=[ 0.17070  , 0.01964  ,  3.1510e+07   , 0.41591  , 0.09386  ,  2.802297015e-08   ,  5.769239109e-16   , -0.56567 ]
fuv2=[ 0.26720  , 0.20045  ,  3.1565e+07   , 0.37567  , 0.89111  ,  2.868000000e-08   ,  4.003000000e-16   , -0.56086 ]
fuv3=[ 1.48098  , 1.45770  ,  3.1516e+07   , 0.33368  , 0.87283  ,  2.856000000e-08   ,  1.151000000e-15   , -0.58208 ]
fuv4=[ 0.31011  , 0.13266  ,  3.1380e+07   , 0.41867  , 0.95197  ,  1.880500000e-08   ,  9.618000000e-16   , -0.61256 ]
nuv1=[ 0.55495  , 0.53240  ,  3.1785e+07   , 0.32971  , -0.07965 ,  3.674386994e-09   ,  2.397602519e-16   , -0.15339 ]
nuv2=[ 0.73252  , 0.68236  ,  3.1844e+07   , 0.33434  , 0.92946  ,  2.086566551e-09   ,  3.013959167e-16   , -0.14840 ]
nuv3=[ 0.26424  , 0.24437  ,  3.1699e+07   , 0.33594  , 0.91788  ,  9.985153037e-09   ,  3.111440692e-16   , -0.11878 ]
nuv4=[ 0.41703  , 0.44185  ,  3.1645e+07   , 0.32677  , 0.90557  ,  7.660349914e-09   ,  3.347790126e-16   , -0.19565 ]