      Amp1      ,Amp2      ,P1             ,Phi1      ,Phi2      ,Trend               ,Quad                ,Offset    
fuv1=[ 0.16212  , 0.02622  ,  3.1507e+07   , 0.41595  , 0.09385  ,  2.819460004e-08   ,  5.705044867e-16   , -0.56934 ]
fuv2=[ 0.25704  , 0.19422  ,  3.1568e+07   , 0.37571  , 0.89102  ,  2.832588907e-08   ,  4.108370809e-16   , -0.54180 ]
fuv3=[ 1.46459  , 1.62793  ,  3.1519e+07   , 0.33365  , 0.87274  ,  2.618666434e-08   ,  1.219000444e-15   , -0.60398 ]
fuv4=[ 0.27947  , 0.14585  ,  3.1383e+07   , 0.39938  , 0.90869  ,  1.880687110e-08   ,  9.619889318e-16   , -0.59357 ]
nuv1=[ 0.57900  , 0.55704  ,  3.1609e+07   , 0.31250  , -0.10298 ,  4.247592589e-09   ,  2.036106186e-16   , -0.16795 ]
nuv2=[ 0.71575  , 0.68261  ,  3.1702e+07   , 0.32063  , 0.90554  ,  3.041581664e-09   ,  2.828317293e-16   , -0.18101 ]
nuv3=[ 0.25050  , 0.24424  ,  3.1643e+07   , 0.32839  , 0.90546  ,  9.622280116e-09   ,  3.354278197e-16   , -0.09935 ]
nuv4=[ 0.42534  , 0.44945  ,  3.1591e+07   , 0.32097  , 0.89702  ,  7.944671780e-09   ,  3.314133198e-16   , -0.20840 ]