      Amp1      ,Amp2      ,P1             ,Phi1      ,Phi2      ,Trend               ,Quad                ,Offset    
fuv1=[ 0.16212  , 0.02622  ,  3.1507e+07   , 0.41595  , 0.09385  ,  2.819460004e-08   ,  5.705044867e-16   , -0.56934 ]
fuv2=[ 0.25704  , 0.19422  ,  3.1568e+07   , 0.37571  , 0.89102  ,  2.832588907e-08   ,  4.108370809e-16   , -0.54180 ]
fuv3=[ 1.46459  , 1.62793  ,  3.1519e+07   , 0.33365  , 0.87274  ,  2.618666434e-08   ,  1.219000444e-15   , -0.60398 ]
fuv4=[ 0.27947  , 0.14585  ,  3.1383e+07   , 0.39938  , 0.90869  ,  1.880687110e-08   ,  9.619889318e-16   , -0.59357 ]
nuv1=[ 0.55495  , 0.53251  ,  3.1782e+07   , 0.32965  , -0.07967 ,  3.995823558e-09   ,  2.297179460e-16   , -0.16966 ]
nuv2=[ 0.73259  , 0.68243  ,  3.1841e+07   , 0.33437  , 0.92937  ,  3.278569052e-09   ,  2.743724242e-16   , -0.21646 ]
nuv3=[ 0.26427  , 0.24439  ,  3.1696e+07   , 0.33597  , 0.91779  ,  1.004922804e-08   ,  3.098606381e-16   , -0.12297 ]
nuv4=[ 0.41707  , 0.44189  ,  3.1642e+07   , 0.32680  , 0.90548  ,  7.943234757e-09   ,  3.284834996e-16   , -0.21366 ]