      Amp1      ,Amp2      ,P1             ,Phi1      ,Phi2      ,Trend               ,Quad                ,Offset    ,Scale     ,OffDrop   ,AmpInc    
fuv1=[ 0.18336  , 0.12110  ,  3.2908e+07   , 0.55671  , 1.30955  ,  2.770980000e-08   ,  5.694080000e-16   , -0.53407 ,   0.35707,   0.48048,   9.26927]
fuv2=[ 0.28198  , 0.21100  ,  3.1613e+07   , 0.38926  , 0.89567  ,  2.785840000e-08   ,  4.271594787e-16   , -0.54186 ,   0.35704,   0.32647,   4.39264]
fuv3=[ 1.63224  , 1.63381  ,  3.1606e+07   , 0.32930  , 0.88303  ,  3.092080000e-08   ,  1.124740000e-15   , -0.81371 ,   0.35696,   0.53906,   0.60790]
fuv4=[ 0.27738  , 0.22567  ,  3.1858e+07   , 0.44445  , 0.97986  ,  1.949428675e-08   ,  9.244840455e-16   , -0.62493 ,   0.35694,   0.50294,   5.86149]
nuv1=[ 0.59155  , 0.57043  ,  3.1605e+07   , 0.31529  , -0.10473 ,  4.800250000e-09   ,  1.926750000e-16   , -0.20607 ,   0.35696,   0.80604,   0.43653]
nuv2=[ 0.73372  , 0.70335  ,  3.1696e+07   , 0.32152  , 0.90628  ,  3.783820000e-09   ,  2.559360000e-16   , -0.22508 ,   0.35696,   0.77626,   0.31824]
nuv3=[ 0.26592  , 0.25501  ,  3.1614e+07   , 0.33410  , 0.89755  ,  9.346800000e-09   ,  3.546170000e-16   , -0.09757 ,   0.35704,   0.36971,   0.71154]
nuv4=[ 0.45106  , 0.46814  ,  3.1651e+07   , 0.33233  , 0.90784  ,  8.446490000e-09   ,  3.240060000e-16   , -0.25025 ,   0.35704,   0.43214,   0.29445]
